0.0001316070556640625 -5.27
0.014382600784301758 -5.27
0.030510663986206055 -5.27
0.06279730796813965 -5.27
0.07877135276794434 -5.27
0.09586691856384277 -5.27
0.11183357238769531 -5.27
0.14374446868896484 -5.28
0.15979790687561035 -5.28
0.17566418647766113 -5.28
0.1916971206665039 -5.28
0.2235403060913086 -5.28
0.2396247386932373 -5.29
0.25438594818115234 -5.29
0.2709019184112549 -5.29
0.3035156726837158 -5.29
0.3195786476135254 -5.29
0.335585355758667 -5.29
0.351581335067749 -5.29
0.38306617736816406 -5.29
0.3983268737792969 -5.29
0.41558051109313965 -5.30
0.4315488338470459 -5.30
0.4634573459625244 -5.30
0.47951602935791016 -5.30
0.4955465793609619 -5.30
0.5115029811859131 -5.30
0.5434560775756836 -5.30
0.5594997406005859 -5.30
0.5754883289337158 -5.30
0.5914945602416992 -5.30
0.6234185695648193 -5.30
0.6394500732421875 -5.31
0.6554670333862305 -5.31
0.6714744567871094 -5.31
0.7033812999725342 -5.31
0.7194275856018066 -5.31
0.7354323863983154 -5.31
0.7514278888702393 -5.31
0.7833788394927979 -5.31
0.7993748188018799 -5.31
0.8153913021087646 -5.31
0.831387996673584 -5.31
0.8633303642272949 -5.31
0.8793551921844482 -5.31
0.8951430320739746 -5.31
0.9104154109954834 -5.31
0.9432969093322754 -5.31
0.95932936668396 -5.31
0.9741177558898926 -5.31
0.9913456439971924 -5.31
1.0232422351837158 -5.31
1.0392563343048096 -5.30
1.0553014278411865 -5.30
1.0698022842407227 -5.30
1.1026358604431152 -5.30
1.119140863418579 -5.30
1.1351566314697266 -5.30
1.1512110233306885 -5.30
1.1819281578063965 -5.30
1.197788953781128 -5.30
1.2138705253601074 -5.30
1.2303626537322998 -5.30
1.2622380256652832 -5.30
1.2793431282043457 -5.30
1.2953455448150635 -5.30
1.3113696575164795 -5.30
1.3433120250701904 -5.30
1.359198808670044 -5.30
1.3739678859710693 -5.30
1.389676809310913 -5.30
1.4226746559143066 -5.30
1.4384946823120117 -5.30
1.4540843963623047 -5.30
1.4712374210357666 -5.30
1.5031886100769043 -5.31
1.5192279815673828 -5.31
1.5352344512939453 -5.31
1.5510528087615967 -5.31
1.583040714263916 -5.31
1.5990495681762695 -5.31
1.6150298118591309 -5.31
1.6310300827026367 -5.31
1.6629602909088135 -5.31
1.6775896549224854 -5.31
1.6935834884643555 -5.31
1.7096781730651855 -5.31
1.7420306205749512 -5.31
1.7591278553009033 -5.31
1.773787260055542 -5.31
1.7911531925201416 -5.31
1.8230817317962646 -5.31
1.839001178741455 -5.31
1.854996681213379 -5.31
1.8709774017333984 -5.31
1.9029171466827393 -5.31
1.9189701080322266 -5.31
1.9349491596221924 -5.31
1.9509506225585938 -5.31
1.9828686714172363 -5.31
1.9989161491394043 -5.31
2.0148966312408447 -5.31
2.0308890342712402 -5.31
2.0628130435943604 -5.31
2.0788755416870117 -5.31
2.0948760509490967 -5.31
2.1096770763397217 -5.31
2.1420068740844727 -5.31
2.157435894012451 -5.31
2.1734635829925537 -5.31
2.189997434616089 -5.31
2.222047805786133 -5.31
2.2380752563476562 -5.31
2.2541072368621826 -5.32
2.269624948501587 -5.32
2.3020057678222656 -5.32
2.3179357051849365 -5.32
2.3340649604797363 -5.32
2.350041389465332 -5.32
2.381986379623413 -5.32
2.3977019786834717 -5.32
2.413764715194702 -5.32
2.4299938678741455 -5.32
2.4618678092956543 -5.32
2.4776620864868164 -5.32
2.49373459815979 -5.32
2.509915590286255 -5.32
2.5418384075164795 -5.33
2.5577526092529297 -5.33
2.5739359855651855 -5.33
2.589904546737671 -5.33
2.6218326091766357 -5.33
2.637507438659668 -5.33
2.653718948364258 -5.33
2.670649766921997 -5.34
2.702486038208008 -5.34
2.7173426151275635 -5.34
2.7345080375671387 -5.34
2.750545024871826 -5.34
2.7814717292785645 -5.34
2.797297954559326 -5.35
2.81352162361145 -5.35
2.8305773735046387 -5.35
2.862485885620117 -5.35
2.877532482147217 -5.35
2.893279790878296 -5.35
2.9105186462402344 -5.35
2.9411489963531494 -5.35
2.957205295562744 -5.35
2.9732189178466797 -5.35
2.9904274940490723 -5.36
3.021111488342285 -5.36
3.0384058952331543 -5.36
3.0531511306762695 -5.36
3.069152593612671 -5.36
3.1013033390045166 -5.36
3.1171584129333496 -5.36
3.134380340576172 -5.36
3.1494274139404297 -5.36
3.1822941303253174 -5.38
3.197462320327759 -5.45
3.214329481124878 -5.57
3.23040771484375 -5.72
3.261065721511841 -5.90
3.277435779571533 -6.06
3.293048620223999 -6.16
3.3103041648864746 -6.23
3.341038227081299 -6.38
3.358381986618042 -6.67
3.373026132583618 -7.07
3.3902735710144043 -7.40
3.4221882820129395 -7.58
3.4369945526123047 -7.48
3.454251766204834 -7.08
3.4692628383636475 -6.32
3.502164125442505 -5.19
3.516984224319458 -3.66
3.5342280864715576 -1.71
3.5489795207977295 0.63
3.581073760986328 3.31
3.59694242477417 6.35
3.614187240600586 9.71
3.6289100646972656 13.37
3.6611199378967285 17.24
3.676950216293335 21.04
3.694160223007202 24.44
3.7101616859436035 27.43
3.7421185970306396 29.80
3.756910800933838 31.54
3.7731969356536865 32.72
3.7891855239868164 33.27
3.821075916290283 33.48
3.836873769760132 33.30
3.8528506755828857 32.71
3.869204521179199 31.73
3.9020354747772217 30.40
3.916795492172241 28.83
3.933131217956543 27.06
3.9491443634033203 25.08
3.980750799179077 22.88
3.996798276901245 20.45
4.013209819793701 17.78
4.028771877288818 14.88
4.0613696575164795 11.76
4.076905727386475 8.44
4.092931032180786 4.99
4.1089982986450195 1.44
4.140930652618408 -2.17
4.15798807144165 -5.79
4.172745227813721 -9.29
4.188868045806885 -12.51
4.2206690311431885 -15.37
4.236892223358154 -17.77
4.252663612365723 -19.72
4.269995450973511 -21.30
4.300657749176025 -22.47
4.317070245742798 -23.25
4.3326616287231445 -23.67
4.348881959915161 -23.73
4.3806540966033936 -23.47
4.397087812423706 -22.94
4.412607431411743 -22.17
4.428919553756714 -21.13
4.461832523345947 -19.85
4.477128505706787 -18.37
4.49261736869812 -16.71
4.508921146392822 -14.91
4.540682792663574 -13.03
4.5571019649505615 -11.11
4.572551965713501 -9.24
4.588926315307617 -7.49
4.620673894882202 -5.92
4.637078285217285 -4.51
4.652564525604248 -3.24
4.668895483016968 -2.11
4.700641632080078 -1.08
4.717066526412964 -0.13
4.73248815536499 0.74
4.7488672733306885 1.48
4.7806384563446045 2.11
4.797065734863281 2.66
4.812488079071045 3.16
4.828887939453125 3.66
4.86078143119812 4.16
4.876469612121582 4.67
4.892636299133301 5.22
4.909687042236328 5.82
4.940337419509888 6.48
4.95667290687561 7.17
4.973065376281738 7.91
4.988474130630493 8.67
5.020362615585327 9.40
5.03715705871582 10.14
5.052706003189087 10.86
5.0696351528167725 11.60
5.101542234420776 12.35
5.11678409576416 13.07
5.132317543029785 13.77
5.1486194133758545 14.52
5.1805243492126465 15.33
5.196729421615601 16.18
5.213116884231567 17.05
5.228485107421875 17.91
5.2602458000183105 18.77
5.276677370071411 19.64
5.293035268783569 20.50
5.30948543548584 21.32
5.340942621231079 22.11
5.356367588043213 22.85
5.372756242752075 23.56
5.389140367507935 24.24
5.420884609222412 24.89
5.436296701431274 25.49
5.452688694000244 26.10
5.46906304359436 26.73
5.500744581222534 27.40
5.517083406448364 28.08
5.532582521438599 28.73
5.548955917358398 29.37
5.580698013305664 29.97
5.597113370895386 30.51
5.61249566078186 30.99
5.628879547119141 31.42
5.660660982131958 31.83
5.676165342330933 32.23
5.69261360168457 32.63
5.709062099456787 33.03
5.740672826766968 33.45
5.757128953933716 33.87
5.772037744522095 34.24
5.788806676864624 34.54
5.8203253746032715 34.77
5.837108612060547 34.92
5.853269100189209 35.00
5.868783473968506 34.99
5.900650262832642 34.90
5.91712498664856 34.74
5.9325644969940186 34.52
5.949021339416504 34.23
5.980536937713623 33.89
5.9969940185546875 33.48
6.012432336807251 33.01
6.028940916061401 32.47
6.060794115066528 31.87
6.076229095458984 31.21
6.0926477909088135 30.51
6.109070062637329 29.76
6.140852689743042 28.96
6.15629768371582 28.12
6.172140121459961 27.23
6.188929319381714 26.32
6.22072958946228 25.39
6.237163066864014 24.44
6.252581357955933 23.50
6.26900315284729 22.55
6.299919605255127 21.60
6.317148685455322 20.65
6.332687854766846 19.71
6.347927570343018 18.75
6.380034685134888 17.80
6.3969104290008545 16.84
6.41308069229126 15.89
6.428534984588623 14.95
6.460273742675781 14.01
6.476710557937622 13.07
6.49304461479187 12.12
6.508441925048828 11.18
6.540973424911499 10.24
6.556389570236206 9.28
6.571943998336792 8.31
6.588325262069702 7.34
6.620953321456909 6.39
6.636384963989258 5.46
6.651779890060425 4.53
6.668976545333862 3.60
6.700700521469116 2.69
6.715716361999512 1.81
6.7318196296691895 0.93
6.748612642288208 0.06
6.780855417251587 -0.79
6.796244859695435 -1.62
6.812639474868774 -2.43
6.827616453170776 -3.22
6.860213994979858 -3.99
6.876664638519287 -4.74
6.892841339111328 -5.42
6.908265829086304 -6.05
6.940797328948975 -6.61
6.9562087059021 -7.12
6.9715704917907715 -7.55
6.988801956176758 -7.90
7.019546985626221 -8.16
7.036803960800171 -8.32
7.052250385284424 -8.37
7.068018674850464 -8.33
7.1007163524627686 -8.19
7.11675763130188 -7.97
7.131215333938599 -7.66
7.147689580917358 -7.28
7.179908752441406 -6.82
7.195457696914673 -6.30
7.211852550506592 -5.73
7.227473020553589 -5.12
7.25949501991272 -4.50
7.275956153869629 -3.88
7.291520357131958 -3.27
7.307929039001465 -2.68
7.339379787445068 -2.11
7.355424404144287 -1.57
7.371905088424683 -1.06
7.3873982429504395 -0.59
7.419916391372681 -0.17
7.435337543487549 0.21
7.451631307601929 0.52
7.467860221862793 0.78
7.499812126159668 1.00
7.515401124954224 1.18
7.531819820404053 1.31
7.547273635864258 1.41
7.579185724258423 1.45
7.595322132110596 1.46
7.611701011657715 1.44
7.62779426574707 1.41
7.659728765487671 1.38
7.675754547119141 1.35
7.691485404968262 1.31
7.707765102386475 1.24
7.740432500839233 1.15
7.755460500717163 1.03
7.7710254192352295 0.87
7.787081718444824 0.68
7.820340633392334 0.45
7.836415767669678 0.19
7.85132622718811 -0.09
7.868405818939209 -0.40
7.898983716964722 -0.73
7.915441274642944 -1.08
7.9313201904296875 -1.45
7.9476587772369385 -1.83
7.980267763137817 -2.22
7.995799541473389 -2.63
8.012298107147217 -3.05
8.027830839157104 -3.47
8.060364007949829 -3.90
8.074880599975586 -4.33
8.090893030166626 -4.75
8.107071876525879 -5.17
8.139273881912231 -5.58
8.156027793884277 -5.97
8.171419382095337 -6.35
8.187141180038452 -6.71
8.219549655914307 -7.06
8.236328601837158 -7.38
8.252295732498169 -7.68
8.267045259475708 -7.96
8.299431324005127 -8.22
8.31539011001587 -8.45
8.331774711608887 -8.66
8.363802671432495 -8.84
8.37901782989502 -8.99
8.395161151885986 -9.10
8.41172480583191 -9.19
8.44315218925476 -9.24
8.459749698638916 -9.26
8.476332426071167 -9.25
8.491883516311646 -9.21
8.523892879486084 -9.14
8.53945016860962 -9.04
8.555347919464111 -8.92
8.571382284164429 -8.78
8.603529691696167 -8.61
8.620123863220215 -8.43
8.634924173355103 -8.22
8.651750564575195 -8.00
8.684019327163696 -7.76
8.700084447860718 -7.50
8.716118574142456 -7.24
8.732109308242798 -6.97
8.763463973999023 -6.68
8.779996871948242 -6.40
8.795422554016113 -6.11
8.81181025505066 -5.82
8.843976020812988 -5.54
8.860061883926392 -5.26
8.876027345657349 -4.99
8.892032384872437 -4.73
8.923903703689575 -4.48
8.939992666244507 -4.24
8.956019878387451 -4.01
8.971391201019287 -3.80
9.00390338897705 -3.60
9.020013093948364 -3.42
9.035991430282593 -3.26
9.051957368850708 -3.11
9.083862781524658 -2.99
9.099980115890503 -2.89
9.115943670272827 -2.81
9.130716562271118 -2.75
9.163797378540039 -2.71
9.179876327514648 -2.70
9.19468355178833 -2.70
9.211340427398682 -2.73
9.243736982345581 -2.77
9.25982117652893 -2.83
9.275846719741821 -2.91
9.291829824447632 -3.00
9.323743343353271 -3.11
9.339811325073242 -3.24
9.355848789215088 -3.37
9.370565176010132 -3.52
9.40362811088562 -3.68
9.419660568237305 -3.85
9.435675382614136 -4.02
9.451637029647827 -4.20
9.483582258224487 -4.39
9.499691486358643 -4.57
9.515705347061157 -4.76
9.531708478927612 -4.94
9.563472032546997 -5.12
9.579658031463623 -5.29
9.594668626785278 -5.46
9.611352920532227 -5.63
9.643555402755737 -5.78
9.659657001495361 -5.93
9.675682783126831 -6.07
9.691636085510254 -6.19
9.72355341911316 -6.31
9.739619970321655 -6.41
9.755634069442749 -6.50
9.77163028717041 -6.57
9.803510665893555 -6.63
9.819618940353394 -6.67
9.835638761520386 -6.70
9.851584196090698 -6.71
9.883420467376709 -6.71
9.899648904800415 -6.69
9.91556167602539 -6.66
9.931562900543213 -6.61
9.963463306427002 -6.55
9.979434490203857 -6.48
9.995577812194824 -6.39
10.010419607162476 -6.30
