0.00014710426330566406 -0.32
0.014255762100219727 -0.32
0.04636645317077637 -0.32
0.06265592575073242 -0.32
0.07840728759765625 -0.32
0.09475493431091309 -0.32
0.12673449516296387 -0.32
0.14284753799438477 -0.32
0.15885686874389648 -0.32
0.17484283447265625 -0.32
0.20740127563476562 -0.32
0.22347784042358398 -0.32
0.23949146270751953 -0.32
0.2554917335510254 -0.32
0.28609728813171387 -0.32
0.3034818172454834 -0.32
0.31821703910827637 -0.32
0.33415722846984863 -0.32
0.3660464286804199 -0.32
0.3825061321258545 -0.31
0.39826178550720215 -0.31
0.41429948806762695 -0.31
0.4474048614501953 -0.31
0.46340203285217285 -0.31
0.4794189929962158 -0.31
0.49524593353271484 -0.31
0.5259170532226562 -0.31
0.5421099662780762 -0.30
0.5579440593719482 -0.31
0.5738937854766846 -0.31
0.605741024017334 -0.31
0.622065544128418 -0.31
0.6379024982452393 -0.31
0.6542725563049316 -0.31
0.6872282028198242 -0.30
0.7031974792480469 -0.30
0.7192368507385254 -0.29
0.7342619895935059 -0.29
0.766974687576294 -0.30
0.7830216884613037 -0.31
0.7990307807922363 -0.31
0.8150150775909424 -0.30
0.8469054698944092 -0.30
0.8629922866821289 -0.35
0.8778345584869385 -0.38
0.8949706554412842 -0.38
0.9268884658813477 -0.38
0.9429426193237305 -0.40
0.9589085578918457 -0.42
0.9749174118041992 -0.43
1.0055480003356934 -0.49
1.022850513458252 -0.66
1.0389301776885986 -0.86
1.0547773838043213 -0.95
1.0853188037872314 -0.99
1.1015136241912842 -0.99
1.1177048683166504 -1.05
1.1337783336639404 -1.21
1.166808843612671 -1.38
1.1814796924591064 -1.64
1.1974210739135742 -1.83
1.2134177684783936 -2.12
1.2454352378845215 -2.46
1.2613976001739502 -2.77
1.2776548862457275 -3.01
1.2947533130645752 -3.21
1.3266644477844238 -3.46
1.3425626754760742 -3.72
1.3585822582244873 -5.55
1.3733060359954834 -6.73
1.4052610397338867 -6.95
1.4210107326507568 -7.16
1.4375898838043213 -7.42
1.454113245010376 -7.76
1.4851326942443848 -9.14
1.5013391971588135 -10.99
1.5185866355895996 -12.65
1.550445556640625 -13.43
1.5663409233093262 -15.16
1.5823848247528076 -15.90
1.5984265804290771 -17.59
1.6302449703216553 -18.22
1.6459720134735107 -18.69
1.6614065170288086 -19.93
1.6768641471862793 -22.24
1.708878993988037 -24.02
1.7253389358520508 -24.69
1.7412683963775635 -24.30
1.758385181427002 -24.20
1.789146900177002 -23.77
1.806351661682129 -24.30
1.8217368125915527 -25.82
1.8382208347320557 -25.46
1.8700430393218994 -26.12
1.8861114978790283 -26.82
1.902176856994629 -27.87
1.918156385421753 -28.58
1.9499530792236328 -30.16
1.9660675525665283 -30.95
1.9820396900177002 -31.29
1.9981153011322021 -31.54
2.0299057960510254 -32.02
2.04516339302063 -32.19
2.062033176422119 -31.48
2.0779097080230713 -30.56
2.109414577484131 -30.38
2.125572443008423 -29.71
2.1415634155273438 -29.42
2.1580255031585693 -29.09
2.1898300647735596 -27.73
2.2059407234191895 -27.25
2.2219431400299072 -25.38
2.237924814224243 -24.08
2.269782543182373 -21.14
2.285837411880493 -20.39
2.301861524581909 -17.71
2.3178601264953613 -16.09
2.3486835956573486 -14.65
2.365787982940674 -13.03
2.3813323974609375 -12.11
2.397826671600342 -10.24
2.413771867752075 -9.33
2.4457147121429443 -6.83
2.461745262145996 -5.54
2.47772216796875 -4.18
2.4937024116516113 -3.74
2.524935245513916 -2.39
2.540905714035034 -1.07
2.556849956512451 0.22
2.572962522506714 1.74
2.604841947555542 1.78
2.620800495147705 2.53
2.6375796794891357 2.37
2.653582811355591 2.60
2.6848537921905518 2.62
2.7010655403137207 2.14
2.717500686645508 0.94
2.733441114425659 0.01
2.7655014991760254 -1.25
2.7805612087249756 -2.47
2.797478199005127 -3.66
2.8293492794036865 -3.88
2.8454067707061768 -5.07
2.8614249229431152 -4.69
2.877436876296997 -7.54
2.909288167953491 -8.86
2.9253311157226562 -8.63
2.941373348236084 -10.00
2.9573965072631836 -11.36
2.988694906234741 -12.65
3.0049099922180176 -13.81
3.0211713314056396 -14.89
3.03733229637146 -14.28
3.0691754817962646 -14.10
3.0843491554260254 -14.35
3.1012067794799805 -14.10
3.1172091960906982 -13.40
3.1490638256073 -11.66
3.165118932723999 -11.82
3.181137800216675 -9.81
3.1961476802825928 -8.51
3.2289621829986572 -7.64
3.245068311691284 -6.89
3.26104736328125 -5.24
3.2770156860351562 -2.91
3.3089089393615723 -1.14
3.324981689453125 0.39
3.340975761413574 2.06
3.355698585510254 2.93
3.3729894161224365 2.98
3.4049036502838135 3.17
3.419808864593506 4.72
3.4369592666625977 5.98
3.4521071910858154 7.58
3.4848296642303467 9.91
3.5008816719055176 13.23
3.515641689300537 13.69
3.5487122535705566 14.19
3.564770221710205 14.80
3.580841302871704 15.49
3.5955517292022705 16.27
3.628657817840576 17.18
3.6439902782440186 17.30
3.660811185836792 16.19
3.6767187118530273 14.47
3.708590507507324 14.72
3.7246737480163574 13.65
3.7407360076904297 12.10
3.7566840648651123 10.32
3.7726998329162598 9.05
3.8046483993530273 7.36
3.8206565380096436 7.84
3.8355376720428467 7.40
3.85225510597229 5.81
3.8845763206481934 5.05
3.900667428970337 4.78
3.9152638912200928 3.69
3.9319489002227783 3.96
3.9645206928253174 3.92
3.9805002212524414 3.45
3.995535135269165 3.53
4.028388023376465 2.92
4.044460773468018 3.85
4.06011962890625 4.74
4.075474977493286 5.62
4.108325958251953 6.47
4.124397277832031 5.68
4.139150381088257 5.55
4.1564040184021 4.52
4.1872546672821045 4.22
4.204291582107544 4.22
4.220350742340088 4.14
4.236337423324585 3.60
4.268222093582153 4.25
4.284335374832153 1.93
4.300337791442871 0.48
4.31636118888855 -1.39
4.3481950759887695 -3.96
4.363833904266357 -7.18
4.3802549839019775 -9.76
4.395546197891235 -12.38
4.428201198577881 -16.71
4.4442150592803955 -16.32
4.460210561752319 -16.36
4.4762513637542725 -16.56
4.508138418197632 -16.92
4.524162769317627 -17.75
4.54016375541687 -18.05
4.556135892868042 -18.78
4.5880677700042725 -19.93
4.603728771209717 -20.87
4.619377613067627 -19.99
4.635484933853149 -18.53
4.666855573654175 -17.73
4.684028148651123 -16.96
4.700035572052002 -18.08
4.715329885482788 -18.85
4.747913360595703 -19.93
4.763959884643555 -21.04
4.779958009719849 -22.52
4.795936584472656 -22.76
4.827814102172852 -21.77
4.843866586685181 -22.09
4.859899282455444 -22.41
4.875838756561279 -23.66
4.90776515007019 -24.55
4.923814296722412 -25.75
4.939815044403076 -27.23
4.9557952880859375 -28.33
4.987711191177368 -29.41
5.003833293914795 -28.22
5.0197718143463135 -28.29
5.03545069694519 -28.37
5.067591190338135 -28.19
5.083683729171753 -28.36
5.098512649536133 -27.57
5.11500883102417 -27.75
5.147580146789551 -28.89
5.163649082183838 -26.78
5.179655313491821 -26.78
5.1943583488464355 -25.27
5.227138042449951 -23.78
5.243576288223267 -22.45
5.25959324836731 -22.55
5.275593042373657 -20.53
5.307483434677124 -19.69
5.323524475097656 -18.44
5.33952260017395 -17.09
5.355103492736816 -16.57
5.387423276901245 -15.66
5.403497219085693 -13.43
5.419468402862549 -11.75
5.435456275939941 -8.29
5.467395305633545 -5.35
5.483387470245361 -3.25
5.498794078826904 -1.07
5.515371799468994 1.14
5.546933650970459 4.66
5.562976360321045 6.85
5.578979253768921 7.94
5.595361232757568 9.81
5.62732195854187 11.46
5.643336057662964 14.15
5.65937352180481 15.40
5.674088954925537 16.67
5.706305027008057 18.30
5.723284006118774 19.67
5.739299058914185 22.08
5.75523567199707 23.94
5.787143707275391 26.17
5.803218841552734 26.74
5.819213151931763 29.36
5.8351969718933105 29.43
5.8670947551727295 29.11
5.883167505264282 28.44
5.8991734981536865 27.56
5.915157794952393 26.53
5.947027683258057 25.40
5.963130712509155 24.24
5.978827238082886 23.08
5.9951395988464355 21.90
6.027027130126953 20.70
6.0430519580841064 19.52
6.059021234512329 18.34
6.075023412704468 17.45
6.106940507888794 15.92
6.123013973236084 14.73
6.138998746871948 13.55
6.154019355773926 12.36
6.1868507862091064 11.14
6.2028703689575195 9.90
6.218845844268799 8.63
6.234898328781128 7.35
6.266762018203735 6.09
6.282821178436279 4.89
6.297557592391968 3.79
6.314843654632568 3.18
6.346705436706543 2.41
6.362758636474609 1.50
6.377500772476196 1.05
6.394814729690552 0.70
6.426713466644287 0.46
6.442696809768677 0.46
6.458643436431885 0.66
6.4745306968688965 0.98
6.506557941436768 1.44
6.522644996643066 2.12
6.538600206375122 2.98
6.5545899868011475 4.02
6.586530447006226 4.26
6.602571249008179 4.65
6.617853164672852 4.80
6.633825063705444 3.38
6.6657421588897705 1.95
6.681274175643921 3.38
6.697800159454346 2.54
6.7137370109558105 2.63
6.745693683624268 2.09
6.761784076690674 1.55
6.777729034423828 1.63
6.79448127746582 0.40
6.826356649398804 0.43
6.842432022094727 -0.19
6.858388662338257 -0.20
6.874397039413452 0.07
6.906285524368286 1.26
6.9223222732543945 0.45
6.938344955444336 0.87
6.9543304443359375 0.28
6.985210418701172 0.25
7.001217603683472 0.12
7.018312454223633 -0.73
7.034351348876953 -0.00
7.06527304649353 0.70
7.0814902782440186 1.34
7.098237037658691 0.27
7.114188194274902 0.75
7.1461286544799805 0.27
7.1621668338775635 -0.51
7.178186655044556 -1.92
7.194159984588623 -3.32
7.226092576980591 -4.68
7.24215292930603 -6.28
7.258113861083984 -7.81
7.274137258529663 -8.05
7.305046796798706 -10.60
7.322051048278809 -11.88
7.338057994842529 -11.18
7.36990213394165 -13.28
7.386005640029907 -15.68
7.402070999145508 -20.95
7.417999744415283 -20.47
7.448467969894409 -19.74
7.464942693710327 -18.84
7.48193883895874 -18.45
7.497908115386963 -18.57
7.52868127822876 -18.23
7.5458595752716064 -18.64
7.560683012008667 -18.78
7.576504707336426 -18.94
7.608831405639648 -19.09
7.624577045440674 -18.87
7.641090631484985 -18.96
7.658036470413208 -19.15
7.689188718795776 -19.50
7.705916881561279 -20.36
7.721920013427734 -19.49
7.737753629684448 -19.77
7.768227815628052 -21.78
7.784460544586182 -22.78
7.800674915313721 -24.63
7.816699266433716 -25.62
7.848744869232178 -25.94
7.864931583404541 -25.97
7.880955934524536 -25.74
7.896920680999756 -24.98
7.928793668746948 -24.69
7.94467306137085 -23.96
7.961606979370117 -23.24
7.977632522583008 -22.40
8.009454488754272 -22.24
8.025454998016357 -22.76
8.041584253311157 -20.06
8.056265592575073 -15.70
8.088244915008545 -10.30
8.104516983032227 -7.26
8.120684385299683 -7.46
8.136651039123535 -6.71
8.153496026992798 -6.91
8.185566902160645 -4.84
8.201578855514526 -4.01
8.217551231384277 -5.04
8.233412981033325 -4.73
8.265305042266846 -4.69
8.281341791152954 -5.60
8.29740571975708 -5.58
8.313352108001709 -5.03
8.345233917236328 -6.26
8.361275672912598 -7.63
8.377284049987793 -9.10
8.408797979354858 -9.00
8.424609661102295 -9.55
8.441279411315918 -11.04
8.457243204116821 -11.19
8.488704204559326 -11.60
8.505151748657227 -11.97
8.521186351776123 -11.29
8.537147521972656 -11.76
8.569033861160278 -11.13
8.585063219070435 -10.05
8.601093769073486 -8.82
8.617112398147583 -8.11
8.647753953933716 -7.65
8.665000677108765 -8.14
8.681052207946777 -7.68
8.696657180786133 -5.98
8.728714227676392 -4.99
8.744965553283691 -4.38
8.760953426361084 -3.47
8.776966094970703 -1.98
8.808844327926636 -0.54
8.824876070022583 0.63
8.840903520584106 2.25
8.856906414031982 2.68
8.872877597808838 2.24
8.904823303222656 1.57
8.920854091644287 1.65
8.936832666397095 1.84
8.952823400497437 1.52
8.984804630279541 1.34
9.000025510787964 1.88
9.015966176986694 2.16
9.03130292892456 2.47
9.063703775405884 2.81
9.079948663711548 3.17
9.095874547958374 3.59
9.11180853843689 4.04
9.14396357536316 4.44
9.159950971603394 4.80
9.176657676696777 5.15
9.192661046981812 5.52
9.224579095840454 5.86
9.240664720535278 6.17
9.256613969802856 6.44
9.272608757019043 6.71
9.303407192230225 7.04
9.320561647415161 7.45
9.335497856140137 7.99
9.352546453475952 9.00
9.384483814239502 7.56
9.399708032608032 6.51
9.416496515274048 4.24
9.432490348815918 2.31
9.464421272277832 -0.23
9.480483055114746 -2.12
9.496426105499268 -4.36
9.528289318084717 -5.66
9.544372081756592 -4.74
9.560396671295166 -4.52
9.576356172561646 -5.99
9.606979370117188 -6.25
9.624288320541382 -6.57
9.640363931655884 -7.24
9.656373977661133 -7.58
9.688184022903442 -7.91
9.704270839691162 -7.88
9.720247507095337 -8.37
9.73628830909729 -8.98
9.768138885498047 -7.82
9.784196138381958 -6.60
9.800229787826538 -5.35
9.816234350204468 -4.10
9.848090171813965 -2.85
9.864190101623535 -1.64
9.879584312438965 -0.55
9.894693851470947 0.43
9.927311182022095 1.34
9.943134784698486 2.27
9.959214448928833 3.28
9.975228548049927 4.32
10.00688624382019 5.37
