0.00012445449829101562 -4.45
0.014238595962524414 -4.46
0.046300411224365234 -4.30
0.06238269805908203 -4.10
0.07813644409179688 -3.94
0.0943765640258789 -3.86
0.12642264366149902 -4.01
0.1427924633026123 -4.06
0.1596219539642334 -4.28
0.17520856857299805 -4.41
0.20747828483581543 -4.64
0.2235562801361084 -4.87
0.23955416679382324 -5.10
0.2543649673461914 -5.37
0.28671789169311523 -5.62
0.30278825759887695 -5.92
0.31818366050720215 -6.24
0.33429598808288574 -6.53
0.36749863624572754 -6.83
0.3835716247558594 -7.16
0.39955568313598633 -7.48
0.41498637199401855 -7.81
0.4464871883392334 -8.12
0.4634430408477783 -8.43
0.4788336753845215 -8.71
0.49543023109436035 -8.97
0.5272955894470215 -9.21
0.5434114933013916 -9.47
0.5581583976745605 -9.68
0.5741145610809326 -9.86
0.6059293746948242 -10.04
0.6220958232879639 -10.20
0.638099193572998 -10.33
0.6700685024261475 -10.43
0.6861271858215332 -10.49
0.7021095752716064 -10.55
0.718120813369751 -10.55
0.7499754428863525 -10.53
0.7660653591156006 -10.48
0.7820906639099121 -10.38
0.7984747886657715 -10.25
0.8313999176025391 -10.10
0.8474507331848145 -9.90
0.863206148147583 -9.70
0.8795454502105713 -9.47
0.8954277038574219 -9.21
0.9272730350494385 -8.94
0.9432942867279053 -8.66
0.9593410491943359 -8.34
0.9753201007843018 -8.01
1.0072858333587646 -7.67
1.0232996940612793 -7.31
1.0392985343933105 -6.95
1.0553181171417236 -6.59
1.0857818126678467 -6.20
1.1018712520599365 -5.89
1.1178030967712402 -5.64
1.1344459056854248 -5.33
1.165921688079834 -4.90
1.1819262504577637 -4.49
1.1979262828826904 -4.09
1.213927984237671 -3.71
1.2458267211914062 -3.30
1.2618286609649658 -2.93
1.2778639793395996 -2.55
1.2938196659088135 -2.21
1.3259108066558838 -1.87
1.3418548107147217 -1.56
1.357903003692627 -1.28
1.3738510608673096 -1.01
1.4058048725128174 -0.80
1.4216670989990234 -0.58
1.4379103183746338 -0.42
1.4537854194641113 -0.29
1.4860422611236572 -0.19
1.5018248558044434 -0.14
1.5178468227386475 -0.09
1.5338106155395508 -0.12
1.565838098526001 -0.15
1.581810474395752 -0.22
1.5977375507354736 -0.32
1.6137349605560303 -0.45
1.6457176208496094 -0.59
1.6617763042449951 -0.79
1.6777863502502441 -0.99
1.6937828063964844 -1.23
1.7257611751556396 -1.49
1.7417266368865967 -1.75
1.7577416896820068 -2.05
1.7737691402435303 -2.34
1.8060612678527832 -2.64
1.8219664096832275 -2.96
1.837949275970459 -3.27
1.8538684844970703 -3.60
1.8857054710388184 -3.92
1.9017753601074219 -4.25
1.9176764488220215 -4.58
1.9336955547332764 -4.94
1.9664404392242432 -5.30
1.9819960594177246 -5.68
1.9990053176879883 -5.98
2.015090227127075 -6.20
2.0470497608184814 -6.40
2.063070058822632 -6.46
2.077887535095215 -6.50
2.0949130058288574 -6.49
2.1268467903137207 -6.44
2.1419601440429688 -6.37
2.158867120742798 -6.32
2.173886299133301 -6.33
2.206827163696289 -6.38
2.221649408340454 -6.45
2.238845109939575 -6.51
2.269442558288574 -6.53
2.286808490753174 -6.53
2.3015623092651367 -6.54
2.318819522857666 -6.60
2.3507080078125 -6.71
2.3657889366149902 -6.78
2.381526470184326 -6.74
2.398794174194336 -6.61
2.4306440353393555 -6.35
2.445690155029297 -5.99
2.461480140686035 -5.55
2.4787347316741943 -5.06
2.5105245113372803 -4.53
2.5257375240325928 -3.94
2.542745590209961 -3.38
2.557480812072754 -2.80
2.589548110961914 -2.24
2.6053924560546875 -1.68
2.6227047443389893 -1.24
2.63744854927063 -0.92
2.6695194244384766 -0.66
2.685370445251465 -0.51
2.7025818824768066 -0.43
2.7185981273651123 -0.44
2.7495365142822266 -0.47
2.7654404640197754 -0.51
2.781660795211792 -0.55
2.7973597049713135 -0.59
2.8292665481567383 -0.65
2.8454511165618896 -0.76
2.8626344203948975 -0.91
2.877347230911255 -1.06
2.9093856811523438 -1.15
2.92531681060791 -1.18
2.942615270614624 -1.13
2.957355499267578 -0.98
2.9904658794403076 -0.82
3.0052907466888428 -0.60
3.021495819091797 -0.40
3.0372610092163086 -0.19
3.054534912109375 0.00
3.0852773189544678 0.17
3.102536201477051 0.31
3.1185243129730225 0.37
3.1332573890686035 0.37
3.1664628982543945 0.37
3.181424379348755 0.37
3.197192430496216 0.37
3.214482545852661 0.32
3.245300769805908 0.25
3.2619469165802 0.15
3.277188777923584 0.06
3.293205738067627 0.04
3.3263909816741943 0.02
3.3414063453674316 -0.10
3.357154369354248 -0.15
3.389065980911255 -0.13
3.40531063079834 -0.12
3.421398401260376 -0.05
3.4371211528778076 0.25
3.453343152999878 0.68
3.4863531589508057 1.12
3.5013561248779297 1.67
3.5171003341674805 2.12
3.534358263015747 2.53
3.5653114318847656 2.95
3.5814599990844727 3.47
3.5971486568450928 3.90
3.613213539123535 4.20
3.64536714553833 4.56
3.661043643951416 4.89
3.677135705947876 5.30
3.6932036876678467 5.55
3.7253408432006836 5.67
3.7413361072540283 5.73
3.7570481300354004 5.73
3.7732319831848145 5.82
3.806226968765259 5.87
3.821000337600708 5.85
3.8370883464813232 5.92
3.8529281616210938 5.96
3.885307788848877 6.07
3.90093994140625 6.08
3.917097806930542 6.00
3.934238910675049 5.94
3.9653196334838867 5.84
3.982187509536743 5.63
3.9971020221710205 5.39
4.013196229934692 5.18
4.04531192779541 5.03
4.060905456542969 4.97
4.077123165130615 4.92
4.093234062194824 4.92
4.125338792800903 4.96
4.140878677368164 5.04
4.157075643539429 5.13
4.173141956329346 5.24
4.205207347869873 5.41
4.220842123031616 5.51
4.237030982971191 5.42
4.253385543823242 5.21
4.285168647766113 4.96
4.3008599281311035 4.88
4.316984176635742 4.97
4.334067106246948 5.18
4.364979267120361 5.41
4.381380558013916 5.58
4.396782636642456 5.77
4.4131762981414795 5.98
4.444985866546631 6.31
4.462042808532715 6.75
4.476747512817383 7.27
4.492874383926392 7.85
4.524697542190552 8.50
4.540652751922607 9.27
4.556976079940796 10.13
4.588662624359131 10.98
4.605132579803467 11.88
4.620727062225342 12.65
4.636910438537598 13.24
4.668628454208374 13.71
4.685122489929199 13.99
4.700665235519409 14.22
4.716929197311401 14.44
4.748623609542847 14.53
4.764982461929321 14.52
4.781419515609741 14.50
4.79681396484375 14.56
4.828516960144043 14.79
4.844966888427734 15.02
4.860673666000366 15.26
4.877072334289551 15.52
4.90880274772644 15.84
4.9248576164245605 16.37
4.940578460693359 16.82
4.956891298294067 17.04
4.989754915237427 17.17
5.004891395568848 17.05
5.021292209625244 16.69
5.036677122116089 16.12
5.069052457809448 15.42
5.085894346237183 14.67
5.101826190948486 14.10
5.116956472396851 13.75
5.149219512939453 13.45
5.16449499130249 13.21
5.181295156478882 13.04
5.197348356246948 12.98
5.22904634475708 12.96
5.244778633117676 12.80
5.260674953460693 12.56
5.277089834213257 12.14
5.308792352676392 11.39
5.325262784957886 10.44
5.340644121170044 9.44
5.357056140899658 8.48
5.372446775436401 7.51
5.405206203460693 6.51
5.420628309249878 5.54
5.437037944793701 4.65
5.453414678573608 3.54
5.48518443107605 2.17
5.500600099563599 0.88
5.517009496688843 -0.23
5.54869532585144 -1.17
5.565185308456421 -1.77
5.580578327178955 -2.21
5.596982717514038 -2.65
5.628633260726929 -3.12
5.644275665283203 -3.53
5.660409688949585 -3.68
5.676358222961426 -3.50
5.708425998687744 -3.02
5.724887371063232 -2.30
5.740294933319092 -1.46
5.75661039352417 -0.58
5.772971868515015 0.43
5.804748296737671 1.63
5.8206140995025635 2.80
5.837057590484619 3.98
5.868739366531372 5.12
5.885194540023804 6.20
5.900610685348511 7.17
5.917007923126221 8.12
5.948559522628784 8.98
5.9642333984375 9.90
5.980409622192383 10.80
5.996793985366821 11.68
6.028509140014648 12.63
6.044954538345337 13.74
6.061368703842163 14.87
6.0767433643341064 15.95
6.108489990234375 16.93
6.124933958053589 17.92
6.141327619552612 18.83
6.1567223072052 19.61
6.1883790493011475 20.22
6.204530477523804 20.73
6.221236944198608 21.15
6.236628293991089 21.55
6.268097639083862 21.93
6.2841222286224365 22.26
6.300533294677734 22.61
6.316943883895874 22.89
6.348652601242065 22.89
6.364089250564575 22.56
6.3806681632995605 21.87
6.397058486938477 20.72
6.42927098274231 19.25
6.444162607192993 17.65
6.460597276687622 16.04
6.476978778839111 14.17
6.508593797683716 12.11
6.525034666061401 9.99
6.540657043457031 7.72
6.557074069976807 5.34
6.588754177093506 2.91
6.604342460632324 0.49
6.6207435131073 -1.99
6.637133359909058 -4.43
6.668876886367798 -6.74
6.685200214385986 -8.96
6.6999757289886475 -10.95
6.716989278793335 -12.75
6.74779748916626 -14.23
6.765046834945679 -15.57
6.7805256843566895 -16.79
6.796962022781372 -17.78
6.8280792236328125 -18.57
6.84477972984314 -18.95
6.859905481338501 -18.73
6.8764121532440186 -17.87
6.909061908721924 -16.68
6.924500942230225 -15.09
6.940807819366455 -13.23
6.957134962081909 -11.07
6.987822771072388 -8.94
7.005066156387329 -6.93
7.020439863204956 -4.99
7.036843538284302 -3.01
7.068989038467407 -1.24
7.085049390792847 0.52
7.101072311401367 2.49
7.116487264633179 4.53
7.148925065994263 6.68
7.165003299713135 8.95
7.181040525436401 11.27
7.196993350982666 13.57
7.228846311569214 15.70
7.245012998580933 17.61
7.260658264160156 19.25
7.276983737945557 20.59
7.308905124664307 21.59
7.324990749359131 22.22
7.340665102005005 22.52
7.356957197189331 22.64
7.388898611068726 22.57
7.404935598373413 22.21
7.4209370613098145 21.52
7.436939716339111 20.52
7.46886134147644 19.31
7.484910249710083 17.88
7.5006749629974365 16.41
7.516891002655029 14.94
7.548319339752197 13.46
7.564762353897095 11.71
7.580883026123047 9.90
7.596865177154541 8.17
7.628625154495239 6.48
7.64417290687561 4.66
7.660581827163696 3.04
7.676855087280273 1.52
7.708762168884277 -0.15
7.724838972091675 -1.97
7.740850448608398 -3.83
7.756824731826782 -5.75
7.788594961166382 -7.55
7.804820775985718 -9.25
7.820702075958252 -10.60
7.835328578948975 -11.74
7.868665933609009 -12.64
7.884066104888916 -13.27
7.900347471237183 -13.76
7.916694641113281 -14.01
7.947463274002075 -13.97
7.9633049964904785 -13.61
7.9796302318573 -12.81
7.995798826217651 -11.66
8.027878284454346 -10.24
8.043474435806274 -8.59
8.059934616088867 -6.75
8.076508283615112 -4.64
8.108448505401611 -2.65
8.12472128868103 -0.79
8.139250040054321 0.95
8.155277490615845 2.52
8.18747091293335 3.89
8.203727006912231 5.12
8.2198646068573 6.39
8.236507415771484 7.75
8.268192529678345 9.16
8.283830881118774 10.76
8.300695419311523 12.47
8.31661581993103 14.19
8.347344636917114 15.79
8.364653825759888 17.28
8.380637168884277 18.49
8.396631240844727 19.24
8.428588628768921 19.54
8.443296670913696 19.33
8.45940089225769 18.71
8.475316524505615 17.63
8.507447242736816 16.19
8.524195432662964 14.45
8.539750576019287 12.46
8.556327819824219 10.30
8.588342189788818 7.88
8.603591442108154 5.24
8.62056040763855 2.91
8.636529445648193 0.85
8.668456792831421 -1.09
8.684513092041016 -2.79
8.700514078140259 -4.17
8.716515302658081 -5.39
8.747536659240723 -6.64
8.764507293701172 -8.09
8.780432224273682 -9.73
8.796029567718506 -11.49
8.82844877243042 -13.11
8.844037771224976 -14.54
8.860493898391724 -15.55
8.876465559005737 -16.21
8.908422946929932 -16.64
8.924434900283813 -16.80
8.940451860427856 -16.79
8.956461906433105 -16.66
8.988369464874268 -16.19
9.004043340682983 -15.32
9.020440101623535 -14.32
9.036437034606934 -13.29
9.068352699279785 -12.24
9.084428310394287 -10.98
9.099281787872314 -9.57
9.116408348083496 -8.11
9.148350477218628 -6.62
9.164413690567017 -5.10
9.180402040481567 -3.59
9.19640827178955 -2.18
9.228276014328003 -0.77
9.244325876235962 0.66
9.259071588516235 2.04
9.275326013565063 3.19
9.308199405670166 4.00
9.32430624961853 4.42
9.340242624282837 4.56
9.35628056526184 4.42
9.388224363327026 4.09
9.404242277145386 3.51
9.420212745666504 2.78
9.434965372085571 1.97
9.467284202575684 1.29
9.484120845794678 0.78
9.499584197998047 0.57
9.516095638275146 0.52
9.548171520233154 0.60
9.564049482345581 0.76
9.580220222473145 0.92
9.596197366714478 1.10
9.628124475479126 1.24
9.643644094467163 1.43
9.659021854400635 1.66
9.676136255264282 1.93
9.707500696182251 2.17
9.724123477935791 2.36
9.740110158920288 2.48
9.75610089302063 2.61
9.788063526153564 2.78
9.804095029830933 2.99
9.820013999938965 3.21
9.83609938621521 3.44
9.868007183074951 3.69
9.884055137634277 3.99
9.900058031082153 4.23
9.916016340255737 4.47
9.947977304458618 4.65
9.963098526000977 4.84
9.978939056396484 5.02
9.996037244796753 5.22
10.027970552444458 5.41
