0.00013113021850585938 0.00
0.015177011489868164 0.11
0.0311434268951416 0.11
0.063262939453125 0.11
0.07958817481994629 0.11
0.09663748741149902 0.00
0.11259198188781738 0.00
0.14436912536621094 0.00
0.160675048828125 0.00
0.1764988899230957 0.00
0.1915428638458252 0.00
0.2244434356689453 0.00
0.23918938636779785 0.00
0.2564821243286133 0.00
0.2714860439300537 0.00
0.30329298973083496 0.00
0.3189210891723633 0.00
0.3351116180419922 0.00
0.3510756492614746 0.00
0.38304853439331055 0.00
0.399371862411499 0.00
0.4164154529571533 0.00
0.4324164390563965 0.00
0.46434926986694336 0.00
0.47940874099731445 0.00
0.4951436519622803 0.00
0.5108757019042969 0.00
0.5430681705474854 0.00
0.5588703155517578 0.00
0.5760064125061035 0.00
0.5907025337219238 0.00
0.6230993270874023 0.00
0.6389899253845215 0.00
0.6556980609893799 0.00
0.6721391677856445 0.00
0.704087495803833 0.00
0.7201204299926758 0.00
0.7360830307006836 0.00
0.7507102489471436 0.00
0.7829587459564209 0.00
0.7987048625946045 0.00
0.8149428367614746 0.00
0.8309502601623535 0.00
0.8627779483795166 0.00
0.879918098449707 0.00
0.8947353363037109 0.00
0.910862922668457 0.00
0.9428942203521729 0.00
0.9585597515106201 0.00
0.9757623672485352 0.00
0.9908583164215088 1.60
1.0226023197174072 3.52
1.0397562980651855 5.76
1.054474115371704 6.40
1.0702629089355469 6.40
1.1022839546203613 7.68
1.1183342933654785 8.96
1.1346373558044434 10.88
1.1663062572479248 13.12
1.1823506355285645 14.72
1.1995456218719482 16.00
1.2142739295959473 17.92
1.2462618350982666 21.12
1.2636544704437256 23.04
1.278334379196167 24.00
1.2956576347351074 24.00
1.3267326354980469 25.28
1.3427867889404297 26.24
1.3582932949066162 27.52
1.374183177947998 27.52
1.4062659740447998 28.48
1.422419548034668 27.84
1.4384419918060303 30.40
1.454143762588501 32.32
1.486067771911621 32.32
1.5034222602844238 32.32
1.5181312561035156 32.32
1.535454273223877 32.32
1.5666835308074951 32.32
1.5822079181671143 32.32
1.5980925559997559 32.32
1.6143689155578613 32.32
1.6464061737060547 32.32
1.662344217300415 32.32
1.6780555248260498 32.32
1.6940460205078125 32.64
1.7262904644012451 31.36
1.7420110702514648 31.36
1.758169412612915 30.40
1.7739477157592773 29.44
1.805840015411377 28.16
1.82322359085083 26.56
1.8387253284454346 25.28
1.8541014194488525 24.32
1.8859038352966309 23.04
1.9023051261901855 21.12
1.918762445449829 19.84
1.934143304824829 18.24
1.9664790630340576 18.24
1.9825060367584229 16.00
1.997753381729126 15.04
2.0139851570129395 14.72
2.0467069149017334 14.08
2.0617494583129883 13.76
2.0782313346862793 13.12
2.0946202278137207 12.80
2.1262459754943848 11.84
2.141688346862793 11.84
2.1588590145111084 11.84
2.174288511276245 11.84
2.2066707611083984 11.84
2.221967935562134 10.88
2.2383792400360107 9.92
2.2546935081481934 9.60
2.2863821983337402 8.96
2.302664041519165 8.64
2.318058967590332 7.68
2.3344593048095703 6.72
2.366175413131714 6.72
2.3813579082489014 5.76
2.3986592292785645 5.76
2.414646863937378 4.80
2.4465270042419434 3.52
2.4625840187072754 2.56
2.47857403755188 1.60
2.493511199951172 1.60
2.525129795074463 0.00
2.5424914360046387 0.00
2.558258533477783 0.00
2.573072910308838 0.00
2.6054935455322266 0.00
2.621138572692871 0.00
2.6371452808380127 0.00
2.6531870365142822 0.00
2.6850035190582275 0.00
2.7015316486358643 -1.60
2.7174272537231445 -2.24
2.733365774154663 -3.52
2.7662861347198486 -4.48
2.7823069095611572 -5.44
2.7983033657073975 -6.40
2.8142995834350586 -6.72
2.8461859226226807 -6.72
2.8622539043426514 -7.68
2.8782401084899902 -8.96
2.8934848308563232 -9.60
2.926145076751709 -10.56
2.9421963691711426 -10.88
2.9582109451293945 -11.84
2.974182605743408 -12.80
3.006098985671997 -13.76
3.0208890438079834 -13.76
3.038125514984131 -15.04
3.0541210174560547 -15.04
3.0849180221557617 -16.00
3.1017251014709473 -16.96
3.1168291568756104 -17.92
3.1333181858062744 -19.20
3.1655187606811523 -20.16
3.1813695430755615 -21.44
3.1979823112487793 -22.08
3.2139816284179688 -23.36
3.244955062866211 -24.32
3.2620298862457275 -25.28
3.2779433727264404 -25.28
3.2937488555908203 -27.20
3.325852870941162 -28.16
3.341909885406494 -30.08
3.3578896522521973 -32.00
3.3738858699798584 -33.28
3.4045748710632324 -33.28
3.421853542327881 -33.28
3.4378390312194824 -33.28
3.453812837600708 -33.60
3.4857428073883057 -33.60
3.501800060272217 -33.28
3.517737865447998 -33.28
3.532484769821167 -33.28
3.5643534660339355 -33.28
3.580379009246826 -33.60
3.5962655544281006 -33.28
3.61226487159729 -33.28
3.6447865962982178 -31.36
3.6609139442443848 -29.12
3.676788806915283 -27.20
3.692624807357788 -25.28
3.724733829498291 -25.28
3.741525173187256 -23.04
3.7575018405914307 -19.84
3.7734928131103516 -17.92
3.8054099082946777 -16.00
3.8214528560638428 -12.80
3.8374481201171875 -11.84
3.8534138202667236 -9.60
3.885355234146118 -8.96
3.901388168334961 -7.68
3.9173622131347656 -7.68
3.9333367347717285 -7.68
3.9652552604675293 -6.72
3.980135202407837 -5.76
3.9972949028015137 -4.48
4.012502431869507 -3.52
4.044348478317261 -2.56
4.061067819595337 -2.56
4.077252626419067 -2.56
4.093210935592651 -1.60
4.125107049942017 0.00
4.141173362731934 0.00
4.157152414321899 0.00
4.173153400421143 0.00
4.205061674118042 0.00
4.221117258071899 0.00
4.237094879150391 0.00
4.253088712692261 1.60
4.285001993179321 2.88
4.300086498260498 3.52
4.317015886306763 5.44
4.333019971847534 7.68
4.364927291870117 8.64
4.380976438522339 8.64
4.3969926834106445 8.64
4.412989854812622 8.96
4.4443254470825195 8.00
4.460950136184692 5.76
4.476953029632568 2.56
4.492931365966797 0.00
4.5248167514801025 0.00
4.540846347808838 0.00
4.556833505630493 0.00
4.571523904800415 0.00
4.603342294692993 0.00
4.6193859577178955 0.00
4.63596248626709 0.00
4.651981830596924 0.00
4.683922290802002 0.00
4.69996190071106 0.00
4.715929985046387 0.00
4.731893301010132 2.56
4.764549970626831 6.72
4.780587911605835 8.64
4.7965781688690186 9.92
4.8125975131988525 9.92
4.844348430633545 9.92
4.860522031784058 9.60
4.876533508300781 7.68
4.892547369003296 2.88
4.9244325160980225 0.00
4.940465927124023 0.00
4.956462860107422 0.00
4.971181392669678 0.00
5.003186464309692 0.00
5.020404100418091 0.00
5.0364768505096436 0.00
5.0517847537994385 0.00
5.084304571151733 0.00
5.100334882736206 0.00
5.116375923156738 0.00
5.131133079528809 0.00
5.164266586303711 0.00
5.180271148681641 0.00
5.196280002593994 0.00
5.212214708328247 0.00
5.244151830673218 0.00
5.260205984115601 0.00
5.27617883682251 0.00
5.290920734405518 0.00
5.324078798294067 0.00
5.340138673782349 0.00
5.356097936630249 0.00
5.372081518173218 0.00
5.403981447219849 0.00
5.419996738433838 0.00
5.436010122299194 -1.60
5.467886209487915 -3.52
5.483935356140137 -3.52
5.498957633972168 -5.44
5.5146644115448 -6.72
5.547856330871582 -8.96
5.562582969665527 -9.92
5.578753232955933 -10.88
5.595878601074219 -11.84
5.627803087234497 -11.84
5.643791198730469 -11.84
5.659377813339233 -11.52
5.675836801528931 -10.88
5.707720041275024 -10.88
5.723764419555664 -8.64
5.739769220352173 -6.72
5.755766153335571 -4.48
5.7876296043396 -2.56
5.80365777015686 -1.60
5.819730758666992 0.00
5.835684299468994 0.00
5.8503806591033936 0.00
5.882911443710327 0.00
5.8988964557647705 2.56
5.914778470993042 2.56
5.930873394012451 5.76
5.962805271148682 8.64
5.978296995162964 12.16
5.994817495346069 15.04
6.027405738830566 15.68
6.043482780456543 16.00
6.058789014816284 16.00
6.075468301773071 16.00
6.107341527938843 17.92
6.123435020446777 18.24
6.139427185058594 18.24
6.155399799346924 17.92
6.187245845794678 17.92
6.203343629837036 15.68
6.219353914260864 13.76
6.235349178314209 15.04
6.267200946807861 22.96
6.2832605838775635 30.40
6.299229621887207 32.32
6.315268516540527 32.32
6.347131252288818 32.64
6.363070726394653 32.64
6.379225254058838 31.04
6.394219398498535 27.20
6.427066326141357 23.04
6.443113088607788 19.20
6.4591169357299805 17.92
6.475115776062012 17.92
6.5070109367370605 16.96
6.523041486740112 15.04
6.537782907485962 14.08
6.555037975311279 10.88
6.586971759796143 10.88
6.603006601333618 8.64
6.618118047714233 6.72
6.635005712509155 3.52
6.665801763534546 0.00
6.6830055713653564 0.00
6.697552442550659 0.00
6.714252948760986 0.00
6.746751308441162 0.00
6.762783050537109 0.00
6.777635335922241 0.00
6.794794321060181 0.00
6.826708793640137 0.00
6.84277081489563 0.00
6.858756065368652 0.00
6.873789072036743 0.00
6.9066314697265625 0.00
6.921819686889648 0.00
6.938698768615723 -1.60
6.954668998718262 -1.60
6.9853339195251465 -1.60
7.002626419067383 -2.56
7.017715930938721 -2.56
7.034627676010132 -3.52
7.066571950912476 -4.48
7.081733465194702 -4.48
7.0977559089660645 -5.76
7.114532470703125 -6.72
7.146438121795654 -8.64
7.162478446960449 -9.60
7.1785194873809814 -10.88
7.194487810134888 -10.88
7.226390600204468 -10.88
7.2424187660217285 -10.88
7.25767707824707 -11.84
7.274446249008179 -12.80
7.30634069442749 -13.76
7.322370767593384 -14.08
7.338355541229248 -14.72
7.354337215423584 -13.76
7.386268854141235 -13.76
7.402265548706055 -12.80
7.4177610874176025 -11.52
7.434278726577759 -11.52
7.466159820556641 -10.88
7.482187271118164 -9.60
7.498196363449097 -8.00
7.514167308807373 -5.44
7.546093702316284 -3.52
7.560875177383423 -2.56
7.576661586761475 0.00
7.592686176300049 0.00
7.62490439414978 0.00
7.641955852508545 0.00
7.657665967941284 2.56
7.673996925354004 2.56
7.704636335372925 3.52
7.720524072647095 4.48
7.736797332763672 5.76
7.752886056900024 5.76
7.785956144332886 6.72
7.8020501136779785 7.68
7.818094968795776 8.64
7.833574533462524 8.64
7.865819692611694 8.64
7.88061261177063 8.64
7.896454095840454 8.64
7.9127037525177 8.96
7.944875955581665 8.64
7.960942268371582 8.64
7.976821422576904 7.36
7.992470026016235 7.68
8.025772333145142 7.68
8.041855573654175 6.72
8.057703256607056 6.72
8.07368016242981 6.08
8.10559630393982 6.72
8.121628761291504 6.72
8.13676404953003 7.68
8.153462648391724 8.00
8.184101819992065 8.64
8.200127124786377 8.32
8.216302394866943 9.92
8.233088254928589 9.92
8.26555323600769 10.24
8.281603336334229 9.60
8.297606706619263 8.64
8.313605070114136 8.00
8.345335006713867 8.00
8.361384868621826 6.72
8.376124858856201 6.40
8.39211893081665 5.76
8.425287008285522 4.80
8.441342830657959 4.48
8.45729923248291 3.52
8.473302364349365 2.56
8.505029678344727 2.56
8.52125859260559 1.60
8.53723430633545 2.56
8.553235292434692 2.56
8.585147619247437 2.88
8.601174592971802 3.84
8.61718201637268 5.44
8.633154392242432 6.72
8.665067911148071 8.00
8.681122779846191 8.64
8.697116613388062 10.88
8.713136434555054 11.84
8.74503779411316 13.12
8.761102676391602 12.80
8.777074098587036 12.80
8.793065309524536 13.76
8.824960231781006 13.76
8.84102749824524 13.76
8.856998443603516 13.44
8.873027324676514 13.76
8.904279947280884 14.08
8.920969724655151 12.80
8.936985731124878 12.80
8.953052282333374 12.80
8.984835147857666 11.84
9.00087308883667 11.84
9.016460180282593 11.84
9.032363653182983 12.16
9.064340114593506 11.84
9.080800533294678 10.88
9.096786737442017 10.88
9.112783193588257 10.56
9.144349575042725 10.88
9.160701751708984 10.88
9.17540693283081 10.56
9.19260573387146 10.88
9.224518299102783 10.88
9.240515232086182 10.88
9.256549835205078 11.20
9.272547483444214 9.92
9.303480386734009 8.64
9.320504665374756 7.68
9.33652400970459 7.68
9.35248351097107 6.40
9.384439706802368 5.76
9.399205923080444 4.16
9.415981769561768 4.48
9.431859970092773 4.48
9.464274883270264 3.52
9.480291604995728 2.56
9.495558738708496 2.24
9.51110291481018 1.60
9.544246912002563 0.00
9.560361862182617 0.00
9.575053215026855 0.00
9.591815948486328 0.00
9.62338900566101 0.00
9.640260934829712 0.00
9.656263828277588 0.00
9.672231197357178 0.00
9.704160928726196 0.00
9.720190048217773 0.00
9.736227035522461 -1.60
9.752173900604248 -2.56
9.784075021743774 -2.56
9.800114870071411 -2.56
9.816093921661377 -3.52
9.831053972244263 -4.48
9.864004373550415 -4.48
9.880043745040894 -4.48
9.896013498306274 -4.48
9.912014722824097 -4.16
9.942628383636475 -3.52
9.960027933120728 -2.56
9.975976705551147 -1.60
9.991964340209961 0.00
10.022987604141235 0.00
