0.00015163421630859375 -0.38
0.014170646667480469 -0.38
0.04631543159484863 -0.49
0.06278300285339355 -0.49
0.07849574089050293 -0.49
0.09556269645690918 -0.49
0.1266956329345703 -0.38
0.14364385604858398 -0.38
0.1582942008972168 -0.38
0.1754443645477295 -0.38
0.20739126205444336 -0.38
0.22344613075256348 -0.38
0.2384791374206543 -0.38
0.25544261932373047 -0.38
0.28728771209716797 -0.38
0.30332398414611816 -0.38
0.31804823875427246 -0.38
0.3339347839355469 -0.38
0.3662686347961426 -0.38
0.3823823928833008 -0.38
0.3979613780975342 -0.38
0.41522908210754395 -0.38
0.44727659225463867 -0.38
0.4633173942565918 -0.38
0.4791684150695801 -0.38
0.4951767921447754 -0.38
0.5267424583435059 -0.38
0.5431771278381348 -0.38
0.5575921535491943 -0.39
0.5736420154571533 -0.38
0.6056296825408936 -0.38
0.6219370365142822 -0.38
0.6381444931030273 -0.38
0.6542975902557373 -0.38
0.685997486114502 -0.38
0.7022359371185303 -0.38
0.7182252407073975 -0.38
0.733673095703125 -0.38
0.7668521404266357 -0.38
0.7815766334533691 -0.38
0.7988708019256592 -0.38
0.81369948387146 -0.38
0.8467788696289062 -0.38
0.8619346618652344 -0.38
0.8775179386138916 -0.38
0.8946366310119629 -0.38
0.9267058372497559 -1.98
0.9427461624145508 -2.94
0.9587123394012451 -4.22
0.9747154712677002 -5.18
1.006622552871704 -6.77
1.0226430892944336 -8.05
1.0373625755310059 -9.01
1.0537338256835938 -9.97
1.0852351188659668 -9.97
1.1012403964996338 -10.93
1.1176316738128662 -12.21
1.1495471000671387 -13.17
1.1656591892242432 -14.13
1.1812658309936523 -15.41
1.1971983909606934 -16.38
1.2299911975860596 -18.30
1.2452263832092285 -18.61
1.2614624500274658 -18.30
1.277559518814087 -18.30
1.3103742599487305 -18.29
1.3250651359558105 -16.37
1.3424913883209229 -15.41
1.358339548110962 -14.13
1.3889234066009521 -12.85
1.404892921447754 -11.25
1.420961618423462 -10.29
1.4370620250701904 -9.97
1.4534637928009033 -9.01
1.4863386154174805 -8.05
1.5023705959320068 -7.09
1.5183525085449219 -7.09
1.534329891204834 -6.77
1.5661189556121826 -5.81
1.5821599960327148 -4.85
1.5968739986419678 -4.22
1.6300344467163086 -4.54
1.6460447311401367 -2.94
1.6620802879333496 -1.98
1.6767487525939941 -0.38
1.7086102962493896 -0.38
1.7254629135131836 -0.38
1.7410390377044678 -0.38
1.7581250667572021 -0.38
1.7899847030639648 -0.38
1.806004285812378 1.22
1.8220195770263672 1.22
1.8378489017486572 2.17
1.8538331985473633 3.45
1.8858153820037842 4.41
1.9017958641052246 5.37
1.9177677631378174 6.01
1.9337527751922607 7.61
1.9656753540039062 7.61
1.9804496765136719 8.57
1.99769926071167 10.49
2.029585838317871 11.45
2.0456249713897705 12.73
2.061066150665283 13.05
2.077608823776245 15.61
2.109473466873169 16.89
2.125555992126465 18.81
2.1415722370147705 19.45
2.156329393386841 21.37
2.1890056133270264 21.37
2.205362558364868 22.97
2.2213802337646484 23.93
2.237388849258423 24.89
2.269392251968384 25.85
2.28546404838562 27.13
2.3015055656433105 28.09
2.3174996376037598 27.77
2.3492982387542725 29.05
2.365374803543091 29.05
2.3813581466674805 30.01
2.397360324859619 30.01
2.4292197227478027 30.01
2.4453232288360596 29.69
2.461060047149658 30.01
2.4772849082946777 30.01
2.5091712474823 29.37
2.524303436279297 30.01
2.5412135124206543 29.05
2.5564773082733154 26.81
2.587817668914795 24.57
2.603830575942993 20.41
2.6211440563201904 20.41
2.637136220932007 17.53
2.669036626815796 13.37
2.6839747428894043 11.45
2.7009341716766357 9.21
2.716851234436035 7.29
2.7488770484924316 5.37
2.764324188232422 4.09
2.7809438705444336 2.49
2.796961784362793 1.21
2.827685832977295 -0.39
2.8449301719665527 -0.39
2.8609249591827393 -0.39
2.876912832260132 -0.39
2.9088096618652344 -0.39
2.924858570098877 -1.99
2.9408750534057617 -2.95
2.9568116664886475 -3.91
2.9887285232543945 -5.19
3.0048017501831055 -5.51
3.02078914642334 -7.75
3.0360515117645264 -9.03
3.0686802864074707 -9.03
3.084357976913452 -9.99
3.100780487060547 -11.27
3.116718292236328 -12.23
3.148613929748535 -13.19
3.164675235748291 -14.47
3.1794376373291016 -15.43
3.196669101715088 -16.07
3.2285401821136475 -16.07
3.2436397075653076 -17.35
3.2606348991394043 -18.31
3.2766032218933105 -18.31
3.3080005645751953 -19.27
3.3245818614959717 -20.23
3.3405568599700928 -21.51
3.356527805328369 -22.47
3.388437271118164 -22.47
3.4044907093048096 -23.43
3.4205260276794434 -25.03
3.4365034103393555 -25.67
3.468327283859253 -26.64
3.484349012374878 -27.60
3.50036358833313 -27.60
3.5163965225219727 -29.52
3.548283576965332 -30.47
3.564328193664551 -32.72
3.580310344696045 -33.04
3.596338987350464 -33.04
3.627095937728882 -33.04
3.6443209648132324 -32.39
3.6602799892425537 -33.04
3.6763038635253906 -32.72
3.706900119781494 -32.72
3.7242140769958496 -32.72
3.740203380584717 -32.72
3.7562201023101807 -32.72
3.7868778705596924 -33.04
3.8041024208068848 -31.76
3.82013201713562 -27.60
3.8348870277404785 -24.40
3.868009090423584 -21.52
3.884049892425537 -19.28
3.900064468383789 -15.12
3.916048288345337 -12.24
3.947955846786499 -12.23
3.963992118835449 -10.31
3.9799792766571045 -9.03
3.9959628582000732 -7.11
4.02785849571228 -4.87
4.043901681900024 -4.87
4.059887647628784 -4.87
4.075889587402344 -4.87
4.10779881477356 -6.79
4.123827934265137 -10.31
4.139851093292236 -13.52
4.155865907669067 -13.51
4.1877570152282715 -16.39
4.203811883926392 -19.28
4.219838619232178 -22.47
4.234512090682983 -22.47
4.267699718475342 -20.55
4.282484292984009 -16.39
4.299718618392944 -12.23
4.31572151184082 -11.27
4.3476269245147705 -12.23
4.363663196563721 -14.15
4.378434181213379 -14.15
4.395658016204834 -16.08
4.427557945251465 -19.60
4.443655252456665 -24.40
4.459623575210571 -28.56
4.474405765533447 -32.71
4.507471323013306 -32.71
4.523550033569336 -32.71
4.539567708969116 -32.71
4.5555126667022705 -28.87
4.587467193603516 -23.43
4.60351300239563 -23.43
4.619534015655518 -21.51
4.634373426437378 -19.59
4.666898250579834 -15.43
4.682888984680176 -9.99
4.699296236038208 -5.83
4.7152721881866455 -3.91
4.747290372848511 -0.39
4.76331901550293 -0.39
4.779316186904907 -0.39
4.79438853263855 1.21
4.825956106185913 1.21
4.843254327774048 3.13
4.85924506187439 4.09
4.8744056224823 6.65
4.9071455001831055 9.52
4.923217058181763 11.77
4.939208745956421 14.32
4.954405784606934 17.52
4.986783742904663 19.77
5.003143072128296 21.69
5.019155025482178 23.92
5.035142183303833 23.93
5.067044734954834 24.89
5.083113193511963 25.84
5.099058389663696 26.81
5.115067005157471 27.13
5.1469831466674805 26.81
5.163031816482544 27.76
5.1790056228637695 27.77
5.194054126739502 28.09
5.226909875869751 27.76
5.243001222610474 28.09
5.258959531784058 28.09
5.274406433105469 28.09
5.306864261627197 27.77
5.322931289672852 27.13
5.338890790939331 26.80
5.35487961769104 27.13
5.386815786361694 26.80
5.402879476547241 27.13
5.418845891952515 26.81
5.434290409088135 27.13
5.466746807098389 26.81
5.482781648635864 26.81
5.4987709522247314 26.81
5.514393091201782 27.13
5.54667854309082 27.13
5.561267614364624 27.13
5.577364206314087 27.13
5.593355655670166 27.13
5.625937461853027 24.89
5.641953468322754 21.69
5.657763719558716 15.29
5.673594236373901 9.53
5.705843448638916 9.53
5.7218639850616455 5.37
5.737358808517456 2.17
5.7545647621154785 -0.39
5.786524057388306 -1.99
5.801687002182007 -2.95
5.817747354507446 -4.87
5.834375858306885 -6.15
5.866449356079102 -8.07
5.882439374923706 -9.03
5.89851713180542 -11.27
5.930307626724243 -11.27
5.946422100067139 -12.87
5.962423801422119 -14.15
5.978407621383667 -15.11
6.0102314949035645 -16.39
6.02636194229126 -17.35
6.042374610900879 -17.35
6.05833101272583 -18.31
6.090027332305908 -20.55
6.106271028518677 -21.51
6.122280597686768 -22.47
6.138217210769653 -22.46
6.170111894607544 -22.46
6.186289548873901 -23.42
6.202223062515259 -24.38
6.218205213546753 -25.66
6.249348878860474 -25.34
6.2661871910095215 -25.35
6.282160758972168 -25.67
6.296943426132202 -26.63
6.329988956451416 -27.59
6.346049785614014 -27.59
6.362074613571167 -27.59
6.3781044483184814 -26.63
6.4086925983428955 -26.63
6.426016807556152 -26.31
6.441655158996582 -26.31
6.458045959472656 -25.67
6.489885568618774 -24.39
6.505950689315796 -22.47
6.521982908248901 -20.23
6.537989854812622 -17.35
6.568861961364746 -15.43
6.585102558135986 -15.43
6.600862979888916 -14.15
6.616542339324951 -12.23
6.649054765701294 -11.27
6.664578199386597 -9.99
6.680992603302002 -9.03
6.6971518993377686 -8.07
6.713075399398804 -6.15
6.744962930679321 -4.87
6.760979890823364 -3.91
6.776543378829956 -2.95
6.808915853500366 -2.95
6.824984550476074 -1.99
6.841023921966553 -0.39
6.857009410858154 -0.39
6.888827800750732 -0.39
6.904858827590942 -0.39
6.921678781509399 -0.39
6.937671899795532 -0.39
6.969571113586426 -0.39
6.98524808883667 -0.39
7.001627445220947 -0.39
7.017606973648071 -0.39
7.04943060874939 -0.39
7.065515756607056 -0.39
7.08151912689209 -0.39
7.0975401401519775 -0.39
7.12938666343689 -3.91
7.145479917526245 -5.19
7.16151762008667 -6.15
7.177505731582642 -8.07
7.209425210952759 -10.95
7.224181652069092 -12.87
7.240260601043701 -12.86
7.25640606880188 -13.18
7.289002418518066 -13.18
7.3044023513793945 -13.18
7.321381092071533 -12.22
7.337383031845093 -10.30
7.369235515594482 -8.06
7.385350465774536 -5.18
7.401330471038818 -1.98
7.416814088821411 -0.38
7.44921088218689 -0.38
7.465130805969238 -0.39
7.481200218200684 -0.39
7.4972240924835205 -0.39
7.528133869171143 -0.39
7.543902635574341 -0.39
7.559791803359985 -0.39
7.576264142990112 -0.39
7.608134984970093 -0.39
7.624133348464966 -0.39
7.64128041267395 -0.39
7.657172918319702 -0.39
7.689027786254883 -0.38
7.705212354660034 -0.39
7.721078872680664 -0.39
7.735802412033081 -0.39
7.767597913742065 -0.39
7.783620119094849 -0.39
7.799654722213745 -0.39
7.816420316696167 -0.39
7.848984718322754 -0.39
7.863959789276123 -0.38
7.8811118602752686 -0.38
7.897088527679443 -0.39
7.9287919998168945 -0.39
7.94487738609314 -0.38
7.960885286331177 -0.38
7.976881742477417 -0.38
8.007542133331299 -0.38
8.024302244186401 -0.38
8.039658784866333 -0.38
8.055614471435547 -0.38
8.087722301483154 -0.38
8.103536128997803 -0.38
8.119874477386475 -0.38
8.135868787765503 -0.38
8.168774127960205 -0.38
8.184857845306396 -0.38
8.20086407661438 -0.38
8.216707229614258 -0.38
8.24858570098877 -0.38
8.264633655548096 -0.38
8.280657529830933 -0.38
8.296656370162964 -0.38
8.32846450805664 -0.38
8.344559669494629 -0.38
8.360321044921875 -0.38
8.376603364944458 -0.38
8.408437967300415 -0.38
8.424476385116577 -0.38
8.440512895584106 -0.38
8.456491708755493 -0.38
8.488389015197754 -0.38
8.504425764083862 -0.38
8.52046513557434 -0.38
8.536469459533691 -0.38
8.568341970443726 -0.38
8.583325386047363 -0.39
8.600258350372314 -0.38
8.61629581451416 -0.39
8.64827036857605 -0.39
8.663050413131714 -0.38
8.680330038070679 -0.39
8.696338891983032 -0.38
8.72716498374939 -0.38
8.74362063407898 -0.38
8.7593092918396 -0.38
8.776299953460693 -0.38
8.808163166046143 -0.38
8.824209451675415 -0.38
8.840205192565918 -0.38
8.856210231781006 -0.38
8.88763976097107 -0.38
8.904118776321411 -0.38
8.920142412185669 -0.38
8.935724258422852 -0.38
8.967590808868408 -0.38
8.984038591384888 -0.38
9.000051259994507 -0.38
9.016024827957153 -0.37
9.04792833328247 -0.37
9.062723159790039 -0.37
9.079999208450317 -0.37
9.095288276672363 -0.37
9.127862930297852 -0.37
9.143914699554443 -0.37
9.159960985183716 -0.37
9.175920963287354 -0.37
9.207810163497925 -0.37
9.223867893218994 -0.38
9.23987603187561 -0.38
9.255864381790161 -0.38
9.286713361740112 -0.38
9.303801536560059 -0.38
9.319798946380615 -0.38
9.335789203643799 -0.38
9.367691040039062 -0.38
9.383729696273804 -0.38
9.399702072143555 -0.38
9.41466760635376 -0.38
9.447596311569214 -0.38
9.463417530059814 -0.38
9.47966742515564 -0.38
9.495641946792603 -0.38
9.527525186538696 -0.38
9.54356861114502 -0.38
9.559683561325073 -0.39
9.57556962966919 -0.39
9.607466697692871 -0.39
9.623527765274048 -0.39
9.639227151870728 -0.39
9.655497550964355 -0.39
9.687406778335571 -0.39
9.703450918197632 -0.39
9.7193443775177 -0.39
9.735464096069336 -0.39
9.766714334487915 -0.39
9.783442497253418 -0.39
9.7994225025177 -0.39
9.815345048904419 -0.39
9.847248077392578 -0.39
9.86336374282837 -0.39
9.879297018051147 -0.39
9.895297288894653 -0.39
9.927197694778442 -0.39
9.943263292312622 -0.39
9.95824408531189 -0.39
9.975230932235718 -0.39
10.006739616394043 -0.39
