0.0001270771026611328 -4.77
0.014290332794189453 -4.76
0.030320405960083008 -4.58
0.06247138977050781 -4.39
0.07894015312194824 -4.27
0.0944831371307373 -4.11
0.11115074157714844 -4.19
0.14238214492797852 -4.28
0.15985345840454102 -4.42
0.17586541175842285 -4.62
0.19170808792114258 -4.77
0.22359085083007812 -5.00
0.23887133598327637 -5.25
0.2556624412536621 -5.49
0.27169108390808105 -5.75
0.3024258613586426 -6.02
0.3184034824371338 -6.31
0.33434462547302246 -6.63
0.3517014980316162 -6.94
0.3835105895996094 -7.24
0.39892101287841797 -7.57
0.41561150550842285 -7.91
0.4316120147705078 -8.24
0.4634854793548584 -8.55
0.47957944869995117 -8.83
0.4956057071685791 -9.11
0.5115633010864258 -9.35
0.5434722900390625 -9.60
0.5582914352416992 -9.83
0.5741369724273682 -10.02
0.5904433727264404 -10.20
0.6220998764038086 -10.37
0.638117790222168 -10.50
0.6542048454284668 -10.63
0.6702439785003662 -10.71
0.7022464275360107 -10.76
0.7182252407073975 -10.80
0.7348728179931641 -10.78
0.7506279945373535 -10.74
0.7835760116577148 -10.67
0.7989521026611328 -10.56
0.8156757354736328 -10.40
0.8317017555236816 -10.24
0.8634481430053711 -10.05
0.8794646263122559 -9.82
0.8955087661743164 -9.58
0.9114785194396973 -9.32
0.9420638084411621 -9.04
0.9594454765319824 -8.76
0.9754602909088135 -8.44
0.9914605617523193 -8.12
1.0233633518218994 -7.79
1.0394601821899414 -7.42
1.0541656017303467 -7.07
1.0699665546417236 -6.69
1.1019213199615479 -6.42
1.118126630783081 -6.21
1.1342391967773438 -5.96
1.1501126289367676 -5.54
1.1819851398468018 -5.16
1.198274850845337 -4.77
1.2139067649841309 -4.40
1.2300944328308105 -4.03
1.2621734142303467 -3.66
1.2780568599700928 -3.29
1.2940781116485596 -2.97
1.3100223541259766 -2.64
1.3419406414031982 -2.34
1.3580152988433838 -2.07
1.3740248680114746 -1.82
1.390007734298706 -1.60
1.4218623638153076 -1.41
1.4379007816314697 -1.25
1.4539613723754883 -1.13
1.469959020614624 -1.04
1.5018236637115479 -0.97
1.517913818359375 -0.95
1.5339634418487549 -0.94
1.5499799251556396 -0.98
1.582181692123413 -1.04
1.5984630584716797 -1.13
1.6143739223480225 -1.24
1.6308772563934326 -1.39
1.6618165969848633 -1.55
1.6777260303497314 -1.74
1.694356918334961 -1.94
1.7105860710144043 -2.16
1.741830825805664 -2.41
1.7578778266906738 -2.67
1.7739038467407227 -2.91
1.7898201942443848 -3.17
1.82175612449646 -3.42
1.8378362655639648 -3.68
1.8538858890533447 -3.94
1.8698618412017822 -4.17
1.901780128479004 -4.40
1.91790771484375 -4.61
1.9338276386260986 -4.80
1.9499163627624512 -4.99
1.9821863174438477 -5.12
1.9990110397338867 -5.26
2.0151894092559814 -5.39
2.03119158744812 -5.48
2.0630786418914795 -5.56
2.079019546508789 -5.58
2.0950658321380615 -5.60
2.111016273498535 -5.63
2.1429038047790527 -5.59
2.15899658203125 -5.56
2.175018548965454 -5.47
2.190988540649414 -5.36
2.222886562347412 -5.28
2.2389543056488037 -5.15
2.254978656768799 -5.01
2.2697885036468506 -4.84
2.3028564453125 -4.64
2.3189196586608887 -4.47
2.33504581451416 -4.27
2.3509397506713867 -4.05
2.382808208465576 -3.81
2.398895263671875 -3.57
2.41491436958313 -3.33
2.430898666381836 -3.09
2.46277117729187 -2.84
2.478872537612915 -2.59
2.4948837757110596 -2.35
2.5108773708343506 -2.12
2.5421700477600098 -1.90
2.5588488578796387 -1.70
2.574819564819336 -1.47
2.590837001800537 -1.28
2.6227598190307617 -1.12
2.6387972831726074 -0.96
2.6548187732696533 -0.84
2.6698672771453857 -0.74
2.7027056217193604 -0.63
2.718642234802246 -0.58
2.7347066402435303 -0.56
2.750654697418213 -0.56
2.782707452774048 -0.59
2.798731803894043 -0.66
2.814742088317871 -0.76
2.8298447132110596 -0.88
2.862238645553589 -1.02
2.878702163696289 -1.22
2.894714832305908 -1.44
2.910719633102417 -1.68
2.9426321983337402 -1.92
2.958706855773926 -2.22
2.9746944904327393 -2.54
2.9906957149505615 -2.90
3.0226376056671143 -3.30
3.038705825805664 -3.70
3.054670572280884 -4.02
3.070652961730957 -4.21
3.102252960205078 -4.28
3.1186540126800537 -4.30
3.1346449851989746 -4.28
3.150625467300415 -4.21
3.182549238204956 -4.05
3.198591709136963 -3.83
3.2146408557891846 -3.61
3.229839324951172 -3.36
3.262209892272949 -3.00
3.2786102294921875 -2.63
3.294567346572876 -2.26
3.3105757236480713 -1.91
3.342453956604004 -1.63
3.3585495948791504 -1.42
3.374544143676758 -1.22
3.3905537128448486 -1.00
3.4224600791931152 -0.91
3.4385299682617188 -0.87
3.454517364501953 -0.93
3.4705417156219482 -1.03
3.502232551574707 -1.13
3.518519639968872 -1.28
3.534498453140259 -1.44
3.5497729778289795 -1.62
3.582418441772461 -1.81
3.598496675491333 -1.96
3.6144373416900635 -2.06
3.630449056625366 -2.07
3.6611313819885254 -2.04
3.678452968597412 -1.92
3.69317626953125 -1.77
3.7104172706604004 -1.62
3.742358446121216 -1.44
3.7584495544433594 -1.25
3.7744140625 -1.08
3.7900400161743164 -0.88
3.8223514556884766 -0.63
3.838374614715576 -0.42
3.8543434143066406 -0.21
3.8703513145446777 -0.00
3.9022533893585205 0.14
3.9183077812194824 0.23
3.934307336807251 0.31
3.9503238201141357 0.39
3.98220157623291 0.42
3.9982852935791016 0.37
4.014302492141724 0.35
4.029781341552734 0.31
4.062172174453735 0.23
4.078265190124512 0.17
4.094249725341797 0.10
4.110238790512085 0.05
4.142151117324829 0.01
4.158234119415283 0.00
4.174282073974609 0.02
4.190241575241089 0.08
4.222132921218872 0.11
4.238212823867798 0.18
4.254191637039185 0.22
4.268931150436401 0.24
4.302075624465942 0.24
4.316936016082764 0.20
4.333131551742554 0.18
4.348919868469238 0.22
4.382081985473633 0.22
4.398154020309448 0.29
4.4141552448272705 0.37
4.430165767669678 0.38
4.462056875228882 0.46
4.478124141693115 0.48
4.494142770767212 0.54
4.5101094245910645 0.63
4.541049957275391 0.67
4.558100700378418 0.76
4.574092626571655 0.79
4.590094089508057 0.80
4.62201189994812 0.91
4.638092756271362 0.99
4.654066801071167 1.19
4.670063018798828 1.34
4.701983213424683 1.43
4.718052864074707 1.63
4.734046220779419 1.82
4.7500433921813965 2.07
4.781956434249878 2.29
4.798028230667114 2.55
4.814011812210083 2.76
4.830021142959595 2.95
4.861968040466309 3.16
4.877989292144775 3.30
4.893168210983276 3.47
4.909848690032959 3.61
4.9418840408325195 3.70
4.957967758178711 3.82
4.9739766120910645 3.83
4.989945650100708 3.90
5.021857738494873 3.90
5.037937164306641 3.90
5.053938150405884 3.90
5.068854093551636 3.78
5.101835012435913 3.75
5.117921352386475 3.59
5.133896112442017 3.57
5.149895668029785 3.43
5.181396245956421 3.40
5.197453498840332 3.38
5.213465929031372 3.48
5.2298619747161865 3.76
5.261783123016357 4.17
5.277878522872925 4.86
5.293107748031616 5.61
5.308911561965942 6.62
5.341808080673218 7.74
5.3572657108306885 8.92
5.372861623764038 10.25
5.388986110687256 11.60
5.421904563903809 12.98
5.437978506088257 14.27
5.453953742980957 15.55
5.469228506088257 16.68
5.501750946044922 17.65
5.517773866653442 18.60
5.533785343170166 19.34
5.5497612953186035 20.07
5.581738710403442 20.54
5.597766876220703 20.96
5.613739967346191 21.10
5.629738092422485 21.12
5.661760091781616 20.94
5.677732467651367 20.52
5.6936962604522705 19.88
5.709711313247681 18.99
5.74171257019043 17.90
5.757709980010986 16.48
5.773681402206421 14.92
5.789669990539551 13.20
5.821637868881226 11.26
5.8364081382751465 9.17
5.853646516799927 6.86
5.869657039642334 4.50
5.901596307754517 1.98
5.917638301849365 -0.55
5.933635473251343 -3.16
5.949671268463135 -5.77
5.981547832489014 -8.40
5.99762487411499 -11.01
6.013626575469971 -13.52
6.028620958328247 -16.04
6.061558723449707 -18.36
6.076581716537476 -20.54
6.092363595962524 -22.58
6.109571695327759 -24.40
6.141536712646484 -26.31
6.156675815582275 -28.08
6.173553228378296 -29.81
6.18850040435791 -31.43
6.221507787704468 -32.95
6.236804723739624 -34.24
6.25310206413269 -35.26
6.268544435501099 -35.99
6.301457643508911 -36.38
6.3162522315979 -36.28
6.333499908447266 -35.87
6.348447561264038 -35.13
6.381441354751587 -34.17
6.397481679916382 -32.89
6.413479328155518 -31.36
6.428539276123047 -29.76
6.460418224334717 -28.03
6.477444171905518 -26.29
6.4934563636779785 -24.18
6.509438514709473 -22.03
6.540347576141357 -19.83
6.557460069656372 -17.62
6.5722246170043945 -15.35
6.588493347167969 -13.12
6.621452331542969 -10.94
6.637370586395264 -8.89
6.653260946273804 -6.78
6.6680989265441895 -4.85
6.701112270355225 -2.87
6.716084241867065 -0.98
6.733377456665039 0.93
6.748432159423828 2.71
6.78022575378418 4.51
6.796088457107544 6.39
6.813343286514282 8.40
6.829326629638672 10.50
6.861287832260132 12.77
6.877320051193237 15.05
6.892041444778442 17.52
6.909318685531616 19.90
6.94024133682251 22.36
6.957275629043579 24.54
6.973297357559204 26.60
6.988018751144409 28.42
7.020285129547119 30.06
7.037265300750732 31.32
7.053252696990967 32.19
7.068011045455933 32.69
7.100275039672852 32.81
7.1172120571136475 32.49
7.133224725723267 31.84
7.147971153259277 30.72
7.181180715560913 29.39
7.195955276489258 27.59
7.213209390640259 25.67
7.227973699569702 23.50
7.261139154434204 21.28
7.277184009552002 18.86
7.292313814163208 16.31
7.309164762496948 13.64
7.341113090515137 10.86
7.356111526489258 8.03
7.37192177772522 5.24
7.389141798019409 2.42
7.419800519943237 -0.38
7.437112331390381 -3.17
7.452088832855225 -5.84
7.467883348464966 -8.57
7.499804973602295 -11.17
7.517108201980591 -13.90
7.532177925109863 -16.53
7.54795241355896 -19.14
7.579784154891968 -21.66
7.597082614898682 -23.91
7.612092018127441 -26.08
7.627864837646484 -28.15
7.659759044647217 -30.06
7.6770594120025635 -31.62
7.693028688430786 -32.84
7.707805395126343 -33.72
7.739687442779541 -34.28
7.756985664367676 -34.36
7.771722316741943 -34.11
7.787505149841309 -33.54
7.820874929428101 -32.64
7.835883617401123 -31.50
7.851724863052368 -30.23
7.86767315864563 -28.93
7.899606227874756 -27.58
7.915507555007935 -26.08
7.931732654571533 -24.51
7.947721004486084 -22.87
7.97988486289978 -21.25
7.997013330459595 -19.58
8.012249231338501 -17.96
8.028988599777222 -16.35
8.06092619895935 -14.71
8.075611591339111 -13.18
8.091592788696289 -11.66
8.107328176498413 -10.21
8.139471054077148 -8.73
8.155454874038696 -7.39
8.17177438735962 -6.02
8.188968658447266 -4.65
8.220923662185669 -3.33
8.236953496932983 -1.98
8.252927303314209 -0.78
8.267733812332153 0.38
8.299921751022339 1.28
8.315462827682495 2.12
8.331855773925781 2.69
8.347894430160522 3.13
8.37965178489685 3.29
8.395477533340454 3.32
8.41155195236206 3.23
8.42738676071167 3.00
8.459633827209473 2.75
8.475670337677002 2.50
8.492866516113281 2.23
8.507681608200073 2.07
8.539399862289429 1.85
8.555588006973267 1.77
8.571993827819824 1.63
8.58747386932373 1.67
8.619325160980225 1.67
8.63576340675354 1.76
8.65135908126831 1.90
8.66759729385376 2.08
8.699407577514648 2.35
8.71584153175354 2.65
8.731307983398438 2.96
8.747716188430786 3.39
8.779505252838135 3.75
8.795576333999634 4.23
8.811366558074951 4.55
8.827781438827515 4.78
8.859602689743042 4.99
8.875330448150635 5.14
8.892572164535522 5.41
8.908563375473022 5.45
8.940112113952637 5.54
8.955824375152588 5.48
8.971281051635742 5.42
8.987491369247437 5.34
9.019623517990112 5.19
9.035200595855713 5.03
9.052481174468994 4.84
9.06793475151062 4.65
9.099109649658203 4.41
9.115529537200928 4.22
9.131908178329468 4.02
9.147330522537231 3.80
9.179126501083374 3.64
9.195523262023926 3.51
9.211941957473755 3.41
9.227358102798462 3.37
9.259256839752197 3.39
9.275720119476318 3.50
9.291178941726685 3.69
9.307589054107666 3.95
9.33961033821106 4.30
9.355127573013306 4.69
9.371515035629272 5.08
9.38792634010315 5.43
9.420388460159302 5.69
9.4358389377594 5.87
9.451257944107056 5.95
9.467668533325195 5.95
9.499483108520508 5.87
9.515976667404175 5.72
9.531361818313599 5.48
9.547776222229004 5.20
9.579578399658203 4.90
9.595074653625488 4.59
9.611469984054565 4.21
9.62788724899292 3.80
9.658984899520874 3.42
9.675085067749023 3.02
9.692254781723022 2.66
9.707882404327393 2.36
9.739515542984009 2.04
9.755942344665527 1.77
9.771315097808838 1.50
9.78769850730896 1.24
9.81925892829895 1.03
9.835686206817627 0.83
9.851070880889893 0.66
9.867438554763794 0.54
9.899595022201538 0.43
9.91501498222351 0.35
9.932162523269653 0.32
9.947743654251099 0.31
9.979506254196167 0.33
9.995931148529053 0.37
10.011297941207886 0.40
